start_utc=2026-03-06T00:51:17.8236996Z
end_utc=2026-03-06T00:56:20.9278642Z
duration_s=303.104
exit_code=0
run_dir=outputs\pytest_runs\20260305_185117
log=outputs\pytest_runs\20260305_185117\pytest_full.log
